{
 "cells": [
  {
   "cell_type": "markdown",
   "metadata": {
    "colab_type": "text",
    "id": "88tCXKMAp2FX"
   },
   "source": [
    "#  Barclays x GA: Python Day 4 Solutions\n",
    "\n",
    "---"
   ]
  },
  {
   "cell_type": "markdown",
   "metadata": {},
   "source": [
    "## <font color='red'> Exercise: Coronavirus symptom prediction\n",
    "    \n",
    "A group at King’s College London has released a coronavirus symptom tracker app. Every day, millions of people in the UK enter their symptoms (or lack of symptoms) into the app, together with information about their age, gender and other characteristics.\n",
    "\n",
    "https://covid.joinzoe.com/\n",
    "    \n",
    "The researchers have used this to build a model that predicts the probability that a person has coronavirus, using information about their gender, age and symptoms.\n",
    "    \n",
    "Let’s take a look at the detail behind this press release from King’s College London to understand exactly how the model works and how accurate it is\n",
    "\n",
    "https://covid.joinzoe.com/post/detecting-covid-without-a-test\n",
    "    \n",
    "Have a read through the Nature paper published by the King’s College group: https://www.nature.com/articles/s41591-020-0916-2\n",
    "    \n",
    "* Can you find the equation that describes the model? \n",
    "* Is the equation easy to understand? \n",
    "* Where does ‘AI’ come into the process?\n",
    "    \n",
    "Your challenge is to **implement this predictive model in Python**.\n",
    "    \n",
    "Write a function called `corona_predictor` that takes the following inputs:\n",
    "    \n",
    "* Sex (`1` if the person is male, `0` if female)\n",
    "* Age\n",
    "* Whether a person has lost their sense of taste (`1` if they have the symptom, `0` if not)\n",
    "* Whether a person has severe fatigue (`1` if they have the symptom, `0` if not)\n",
    "* Whether a person has a severe or persistent cough (`1` if they have the symptom, `0` if not)\n",
    "* Whether a person has skipped meals (`1` if they have the symptom, `0` if not)\n",
    "    \n",
    "And prints out the person's **probability of having coronavirus** as the output. Test out your function on the following personas:\n",
    "    \n",
    "    \n",
    "1. A 55 year old man who has severe fatigue but no other symptoms.\n",
    "2. A 78 year old woman with a severe cough, who has lost her sense of taste.\n",
    "3. A 22 year old man with no sense of taste, severe fatigue, and has skipped meals.\n"
   ]
  },
  {
   "cell_type": "code",
   "execution_count": 1,
   "metadata": {},
   "outputs": [],
   "source": [
    "import math\n",
    "\n",
    "# you could approximate \"e\" if you wanted e.g.:\n",
    "# e = 2.718\n",
    "\n",
    "def corona_predictor(sex, age, loss_of_taste, fatigue, cough, skipped_meals):\n",
    "    # if you wanted to you could check to make sure the 0 or 1 inputs are actually just 0 or 1\n",
    "    if sex not in [0, 1]:\n",
    "        raise ValueError(\"sex must be 0 or 1\")\n",
    "    # and so on...\n",
    "    \n",
    "    # z will be the multiplications of each input by the coefficients\n",
    "    z = -1.32 + (-0.01 * age) + (0.44 * sex) + (1.75 * loss_of_taste) + (0.31 * cough) \\\n",
    "    # note the backslash to split this command over two rows\n",
    "    + (0.49 * fatigue) + (0.39 * skipped_meals)\n",
    "    \n",
    "    # now the formula is e^z/(1 + e^z)\n",
    "    return (math.e**z) / (1 + (math.e**z))"
   ]
  },
  {
   "cell_type": "markdown",
   "metadata": {},
   "source": [
    "Test the function"
   ]
  },
  {
   "cell_type": "code",
   "execution_count": 2,
   "metadata": {},
   "outputs": [],
   "source": [
    "# running the below will error\n",
    "# corona_predictor(sex=2, age=55, loss_of_taste=0, fatigue=1, cough=0, skipped_meals=0)"
   ]
  },
  {
   "cell_type": "code",
   "execution_count": 3,
   "metadata": {},
   "outputs": [],
   "source": [
    "# 55 year old man, loss of taste\n",
    "corona_predictor(sex=1, age=55, loss_of_taste=0, fatigue=1, cough=0, skipped_meals=0)"
   ]
  },
  {
   "cell_type": "code",
   "execution_count": 4,
   "metadata": {},
   "outputs": [],
   "source": [
    "# 78 year old woman with a severe cough, who has lost her sense of taste\n",
    "corona_predictor(sex=0, age=78, loss_of_taste=1, fatigue=0, cough=1, skipped_meals=0)"
   ]
  },
  {
   "cell_type": "code",
   "execution_count": 5,
   "metadata": {},
   "outputs": [],
   "source": [
    "# 22 year old man with no sense of taste, severe fatigue, and has skipped meals\n",
    "corona_predictor(sex=1, age=22, loss_of_taste=1, fatigue=1, cough=0, skipped_meals=1)"
   ]
  },
  {
   "cell_type": "markdown",
   "metadata": {},
   "source": [
    "## <font color='red'> Exercise: Linear regression with multiple features\n",
    "    \n",
    "Now let's use both features in our dataset to run our linear regression model. Now, the equation we're trying to fit looks like:\n",
    "\n",
    "`house price = a0 + a1*internal area + a2*bedrooms`\n",
    "\n",
    "Fill in the gaps in the code below to fit and evaluate the model."
   ]
  },
  {
   "cell_type": "code",
   "execution_count": 6,
   "metadata": {},
   "outputs": [
    {
     "data": {
      "text/html": [
       "<div>\n",
       "<style scoped>\n",
       "    .dataframe tbody tr th:only-of-type {\n",
       "        vertical-align: middle;\n",
       "    }\n",
       "\n",
       "    .dataframe tbody tr th {\n",
       "        vertical-align: top;\n",
       "    }\n",
       "\n",
       "    .dataframe thead th {\n",
       "        text-align: right;\n",
       "    }\n",
       "</style>\n",
       "<table border=\"1\" class=\"dataframe\">\n",
       "  <thead>\n",
       "    <tr style=\"text-align: right;\">\n",
       "      <th></th>\n",
       "      <th>house_price</th>\n",
       "      <th>internal_area_sq_m</th>\n",
       "      <th>bedrooms</th>\n",
       "    </tr>\n",
       "  </thead>\n",
       "  <tbody>\n",
       "    <tr>\n",
       "      <th>0</th>\n",
       "      <td>440000</td>\n",
       "      <td>100</td>\n",
       "      <td>2</td>\n",
       "    </tr>\n",
       "    <tr>\n",
       "      <th>1</th>\n",
       "      <td>200000</td>\n",
       "      <td>24</td>\n",
       "      <td>1</td>\n",
       "    </tr>\n",
       "    <tr>\n",
       "      <th>2</th>\n",
       "      <td>670000</td>\n",
       "      <td>120</td>\n",
       "      <td>3</td>\n",
       "    </tr>\n",
       "    <tr>\n",
       "      <th>3</th>\n",
       "      <td>120000</td>\n",
       "      <td>28</td>\n",
       "      <td>1</td>\n",
       "    </tr>\n",
       "    <tr>\n",
       "      <th>4</th>\n",
       "      <td>800000</td>\n",
       "      <td>150</td>\n",
       "      <td>4</td>\n",
       "    </tr>\n",
       "  </tbody>\n",
       "</table>\n",
       "</div>"
      ],
      "text/plain": [
       "   house_price  internal_area_sq_m  bedrooms\n",
       "0       440000                 100         2\n",
       "1       200000                  24         1\n",
       "2       670000                 120         3\n",
       "3       120000                  28         1\n",
       "4       800000                 150         4"
      ]
     },
     "execution_count": 6,
     "metadata": {},
     "output_type": "execute_result"
    }
   ],
   "source": [
    "import pandas as pd\n",
    "import seaborn as sns\n",
    "import numpy as np\n",
    "import matplotlib.pyplot as plt\n",
    "\n",
    "from sklearn.linear_model import LinearRegression # import\n",
    "from sklearn.model_selection import train_test_split # Import train_test_split function\n",
    "from sklearn import metrics #Import scikit-learn metrics module for accuracy calculation\n",
    "\n",
    "house_df = pd.DataFrame({'house_price':[440000, 200000, 670000, 120000, 800000, 200000, 800000, 760000, 340000, 110000],\n",
    "                         'internal_area_sq_m':[100, 24, 120, 28, 150, 52, 160, 156, 117, 32],\n",
    "                        'bedrooms':[2, 1, 3, 1, 4, 2, 5, 4, 2, 1]})\n",
    "house_df.head()"
   ]
  },
  {
   "cell_type": "code",
   "execution_count": 7,
   "metadata": {},
   "outputs": [],
   "source": [
    "X = house_df[['internal_area_sq_m','bedrooms']] # features: instead of having a single feature here, we want to use TWO columns from our dataset\n",
    "y = house_df['house_price'] # labels\n",
    "\n",
    "X_train, X_test, y_train, y_test = train_test_split(X, y, test_size=0.2, random_state=42)"
   ]
  },
  {
   "cell_type": "code",
   "execution_count": 8,
   "metadata": {},
   "outputs": [],
   "source": [
    "linreg_2 = LinearRegression() "
   ]
  },
  {
   "cell_type": "code",
   "execution_count": 9,
   "metadata": {},
   "outputs": [
    {
     "data": {
      "text/plain": [
       "LinearRegression(copy_X=True, fit_intercept=True, n_jobs=None, normalize=False)"
      ]
     },
     "execution_count": 9,
     "metadata": {},
     "output_type": "execute_result"
    }
   ],
   "source": [
    "linreg_2.fit(X_train,y_train)"
   ]
  },
  {
   "cell_type": "code",
   "execution_count": 10,
   "metadata": {},
   "outputs": [
    {
     "data": {
      "text/plain": [
       "array([5466.73610207,  591.06887124])"
      ]
     },
     "execution_count": 10,
     "metadata": {},
     "output_type": "execute_result"
    }
   ],
   "source": [
    "linreg_2.coef_"
   ]
  },
  {
   "cell_type": "code",
   "execution_count": 11,
   "metadata": {},
   "outputs": [
    {
     "data": {
      "text/plain": [
       "-59432.36557739903"
      ]
     },
     "execution_count": 11,
     "metadata": {},
     "output_type": "execute_result"
    }
   ],
   "source": [
    "linreg_2.intercept_"
   ]
  },
  {
   "cell_type": "code",
   "execution_count": 12,
   "metadata": {},
   "outputs": [
    {
     "name": "stdout",
     "output_type": "stream",
     "text": [
      "Mean squared TRAINING error: 1479895195.938029\n",
      "Root mean squared TRAINING error: 38469.405973\n"
     ]
    }
   ],
   "source": [
    "from sklearn.metrics import mean_squared_error\n",
    "\n",
    "mse = mean_squared_error(y_train, linreg_2.predict(X_train))\n",
    "rmse = np.sqrt(mse)\n",
    "\n",
    "print('Mean squared TRAINING error: %f'% mse)\n",
    "print('Root mean squared TRAINING error: %f'% rmse)"
   ]
  },
  {
   "cell_type": "code",
   "execution_count": 13,
   "metadata": {},
   "outputs": [
    {
     "name": "stdout",
     "output_type": "stream",
     "text": [
      "Mean squared TESTING error: 37272754612.670898\n",
      "Root mean squared TESTING error: 193061.530639\n"
     ]
    }
   ],
   "source": [
    "mse = mean_squared_error(y_test, linreg_2.predict(X_test))\n",
    "rmse = np.sqrt(mse)\n",
    "\n",
    "print('Mean squared TESTING error: %f'% mse)\n",
    "print('Root mean squared TESTING error: %f'% rmse)"
   ]
  },
  {
   "cell_type": "code",
   "execution_count": 14,
   "metadata": {},
   "outputs": [
    {
     "name": "stdout",
     "output_type": "stream",
     "text": [
      "Baseline model mean squared error: 52206250000.000000\n",
      "Baseline model root mean squared error: 228486.870520\n"
     ]
    }
   ],
   "source": [
    "null_model = np.mean(y_train)*np.ones(len(y_test))\n",
    "\n",
    "mse = mean_squared_error(y_test, null_model)\n",
    "rmse = np.sqrt(mse)\n",
    "\n",
    "print('Baseline model mean squared error: %f'% mse)\n",
    "print('Baseline model root mean squared error: %f'% rmse)"
   ]
  },
  {
   "cell_type": "markdown",
   "metadata": {},
   "source": [
    "## <font color='red'> Exercise 2: Linear regression to predict house sale price\n",
    "\n",
    "Now let's try this method out with a much bigger dataset! \n",
    "\n",
    "Read in the dataset, which describes house prices and other features collected from Boston and downloaded from Kaggle: https://www.kaggle.com/prasadperera/the-boston-housing-dataset\n",
    "\n",
    "Read the dictionary, which you can find here. Familiarise yourself with the features in the dataset:\n",
    "\n",
    "* CRIM - per capita crime rate by town\n",
    "* ZN - proportion of residential land zoned for lots over 25,000 sq.ft.\n",
    "* INDUS - proportion of non-retail business acres per town.\n",
    "* CHAS - Charles River dummy variable (1 if tract bounds river; 0 otherwise)\n",
    "* NOX - nitric oxides concentration (parts per 10 million)\n",
    "* RM - average number of rooms per dwelling\n",
    "* AGE - proportion of owner-occupied units built prior to 1940\n",
    "* DIS - weighted distances to five Boston employment centres\n",
    "* RAD - index of accessibility to radial highways\n",
    "* TAX - full-value property-tax rate per 10,000USD\n",
    "* PTRATIO - pupil-teacher ratio by town\n",
    "* LSTAT - \\% lower status of the population\n",
    "* MEDV - Median value of owner-occupied homes in 1000USDs\n"
   ]
  },
  {
   "cell_type": "code",
   "execution_count": 15,
   "metadata": {},
   "outputs": [
    {
     "data": {
      "text/html": [
       "<div>\n",
       "<style scoped>\n",
       "    .dataframe tbody tr th:only-of-type {\n",
       "        vertical-align: middle;\n",
       "    }\n",
       "\n",
       "    .dataframe tbody tr th {\n",
       "        vertical-align: top;\n",
       "    }\n",
       "\n",
       "    .dataframe thead th {\n",
       "        text-align: right;\n",
       "    }\n",
       "</style>\n",
       "<table border=\"1\" class=\"dataframe\">\n",
       "  <thead>\n",
       "    <tr style=\"text-align: right;\">\n",
       "      <th></th>\n",
       "      <th>CRIM</th>\n",
       "      <th>ZN</th>\n",
       "      <th>INDUS</th>\n",
       "      <th>CHAS</th>\n",
       "      <th>NOX</th>\n",
       "      <th>RM</th>\n",
       "      <th>AGE</th>\n",
       "      <th>DIS</th>\n",
       "      <th>RAD</th>\n",
       "      <th>TAX</th>\n",
       "      <th>PTRATIO</th>\n",
       "      <th>LSTAT</th>\n",
       "      <th>MEDV</th>\n",
       "    </tr>\n",
       "  </thead>\n",
       "  <tbody>\n",
       "    <tr>\n",
       "      <th>0</th>\n",
       "      <td>0.00632</td>\n",
       "      <td>18.0</td>\n",
       "      <td>2.31</td>\n",
       "      <td>0.0</td>\n",
       "      <td>0.538</td>\n",
       "      <td>6.575</td>\n",
       "      <td>65.2</td>\n",
       "      <td>4.0900</td>\n",
       "      <td>1</td>\n",
       "      <td>296</td>\n",
       "      <td>15.3</td>\n",
       "      <td>4.98</td>\n",
       "      <td>24.0</td>\n",
       "    </tr>\n",
       "    <tr>\n",
       "      <th>1</th>\n",
       "      <td>0.02731</td>\n",
       "      <td>0.0</td>\n",
       "      <td>7.07</td>\n",
       "      <td>0.0</td>\n",
       "      <td>0.469</td>\n",
       "      <td>6.421</td>\n",
       "      <td>78.9</td>\n",
       "      <td>4.9671</td>\n",
       "      <td>2</td>\n",
       "      <td>242</td>\n",
       "      <td>17.8</td>\n",
       "      <td>9.14</td>\n",
       "      <td>21.6</td>\n",
       "    </tr>\n",
       "    <tr>\n",
       "      <th>2</th>\n",
       "      <td>0.02729</td>\n",
       "      <td>0.0</td>\n",
       "      <td>7.07</td>\n",
       "      <td>0.0</td>\n",
       "      <td>0.469</td>\n",
       "      <td>7.185</td>\n",
       "      <td>61.1</td>\n",
       "      <td>4.9671</td>\n",
       "      <td>2</td>\n",
       "      <td>242</td>\n",
       "      <td>17.8</td>\n",
       "      <td>4.03</td>\n",
       "      <td>34.7</td>\n",
       "    </tr>\n",
       "    <tr>\n",
       "      <th>3</th>\n",
       "      <td>0.03237</td>\n",
       "      <td>0.0</td>\n",
       "      <td>2.18</td>\n",
       "      <td>0.0</td>\n",
       "      <td>0.458</td>\n",
       "      <td>6.998</td>\n",
       "      <td>45.8</td>\n",
       "      <td>6.0622</td>\n",
       "      <td>3</td>\n",
       "      <td>222</td>\n",
       "      <td>18.7</td>\n",
       "      <td>2.94</td>\n",
       "      <td>33.4</td>\n",
       "    </tr>\n",
       "    <tr>\n",
       "      <th>4</th>\n",
       "      <td>0.06905</td>\n",
       "      <td>0.0</td>\n",
       "      <td>2.18</td>\n",
       "      <td>0.0</td>\n",
       "      <td>0.458</td>\n",
       "      <td>7.147</td>\n",
       "      <td>54.2</td>\n",
       "      <td>6.0622</td>\n",
       "      <td>3</td>\n",
       "      <td>222</td>\n",
       "      <td>18.7</td>\n",
       "      <td>NaN</td>\n",
       "      <td>36.2</td>\n",
       "    </tr>\n",
       "  </tbody>\n",
       "</table>\n",
       "</div>"
      ],
      "text/plain": [
       "      CRIM    ZN  INDUS  CHAS    NOX     RM   AGE     DIS  RAD  TAX  PTRATIO  \\\n",
       "0  0.00632  18.0   2.31   0.0  0.538  6.575  65.2  4.0900    1  296     15.3   \n",
       "1  0.02731   0.0   7.07   0.0  0.469  6.421  78.9  4.9671    2  242     17.8   \n",
       "2  0.02729   0.0   7.07   0.0  0.469  7.185  61.1  4.9671    2  242     17.8   \n",
       "3  0.03237   0.0   2.18   0.0  0.458  6.998  45.8  6.0622    3  222     18.7   \n",
       "4  0.06905   0.0   2.18   0.0  0.458  7.147  54.2  6.0622    3  222     18.7   \n",
       "\n",
       "   LSTAT  MEDV  \n",
       "0   4.98  24.0  \n",
       "1   9.14  21.6  \n",
       "2   4.03  34.7  \n",
       "3   2.94  33.4  \n",
       "4    NaN  36.2  "
      ]
     },
     "execution_count": 15,
     "metadata": {},
     "output_type": "execute_result"
    }
   ],
   "source": [
    "housing_df = pd.read_csv('data/boston_housing.csv')\n",
    "housing_df.head()"
   ]
  },
  {
   "cell_type": "code",
   "execution_count": 16,
   "metadata": {},
   "outputs": [
    {
     "data": {
      "text/plain": [
       "(506, 13)"
      ]
     },
     "execution_count": 16,
     "metadata": {},
     "output_type": "execute_result"
    }
   ],
   "source": [
    "housing_df.shape"
   ]
  },
  {
   "cell_type": "markdown",
   "metadata": {},
   "source": [
    "Inspect missing values, and remove rows with `NaN` values using the ``dropna()`` function."
   ]
  },
  {
   "cell_type": "code",
   "execution_count": 17,
   "metadata": {},
   "outputs": [],
   "source": [
    "housing_df.dropna(inplace=True)"
   ]
  },
  {
   "cell_type": "code",
   "execution_count": 18,
   "metadata": {},
   "outputs": [
    {
     "data": {
      "text/plain": [
       "(394, 13)"
      ]
     },
     "execution_count": 18,
     "metadata": {},
     "output_type": "execute_result"
    }
   ],
   "source": [
    "housing_df.shape"
   ]
  },
  {
   "cell_type": "markdown",
   "metadata": {},
   "source": [
    "Split the data into 70% training, 30% testing"
   ]
  },
  {
   "cell_type": "code",
   "execution_count": 19,
   "metadata": {},
   "outputs": [],
   "source": [
    "houses = housing_df"
   ]
  },
  {
   "cell_type": "code",
   "execution_count": 20,
   "metadata": {},
   "outputs": [],
   "source": [
    "response = 'MEDV'\n",
    "features = houses.columns.drop('MEDV')\n",
    "\n",
    "X = houses[features] # features\n",
    "y = houses[response] # labels\n",
    "X_train, X_test, y_train, y_test = train_test_split(X, y, test_size=0.3, random_state=42)\n"
   ]
  },
  {
   "cell_type": "markdown",
   "metadata": {},
   "source": [
    "## Inspect the data\n",
    "\n",
    "Use `sns.pairplot`, `sns.heatmap`, `describe` and `corr` to:\n",
    "\n",
    "(a) Create a pairplot of some of the different pairings of variables in our dataset (this might take a while depending on how fast your laptop is!)\n",
    "\n",
    "(b) Generate a correlation matrix\n",
    "\n",
    "(c) Visualise the correlation matrix with a heatmap\n",
    "\n",
    "Then, by visual inspection, discuss the following questions on your tables:\n",
    "\n",
    "(a) Which variables look like they're most strongly associated or correlated with house price?\n",
    "\n",
    "(b) Do the associations make intuitive sense? If not, why not? \n",
    "\n",
    "(c) Do some of the associations look like they describe causal relationships? Which ones? \n",
    "\n",
    "(d) Which column is the target, or independent variable?"
   ]
  },
  {
   "cell_type": "code",
   "execution_count": 21,
   "metadata": {},
   "outputs": [
    {
     "data": {
      "text/html": [
       "<div>\n",
       "<style scoped>\n",
       "    .dataframe tbody tr th:only-of-type {\n",
       "        vertical-align: middle;\n",
       "    }\n",
       "\n",
       "    .dataframe tbody tr th {\n",
       "        vertical-align: top;\n",
       "    }\n",
       "\n",
       "    .dataframe thead th {\n",
       "        text-align: right;\n",
       "    }\n",
       "</style>\n",
       "<table border=\"1\" class=\"dataframe\">\n",
       "  <thead>\n",
       "    <tr style=\"text-align: right;\">\n",
       "      <th></th>\n",
       "      <th>CRIM</th>\n",
       "      <th>ZN</th>\n",
       "      <th>INDUS</th>\n",
       "      <th>CHAS</th>\n",
       "      <th>NOX</th>\n",
       "      <th>RM</th>\n",
       "      <th>AGE</th>\n",
       "      <th>DIS</th>\n",
       "      <th>RAD</th>\n",
       "      <th>TAX</th>\n",
       "      <th>PTRATIO</th>\n",
       "      <th>LSTAT</th>\n",
       "      <th>MEDV</th>\n",
       "    </tr>\n",
       "  </thead>\n",
       "  <tbody>\n",
       "    <tr>\n",
       "      <th>CRIM</th>\n",
       "      <td>1.000000</td>\n",
       "      <td>-0.188075</td>\n",
       "      <td>0.391552</td>\n",
       "      <td>-0.051970</td>\n",
       "      <td>0.416160</td>\n",
       "      <td>-0.227170</td>\n",
       "      <td>0.341311</td>\n",
       "      <td>-0.365052</td>\n",
       "      <td>0.608667</td>\n",
       "      <td>0.560841</td>\n",
       "      <td>0.265428</td>\n",
       "      <td>0.461906</td>\n",
       "      <td>-0.397230</td>\n",
       "    </tr>\n",
       "    <tr>\n",
       "      <th>ZN</th>\n",
       "      <td>-0.188075</td>\n",
       "      <td>1.000000</td>\n",
       "      <td>-0.521256</td>\n",
       "      <td>-0.033357</td>\n",
       "      <td>-0.515660</td>\n",
       "      <td>0.343210</td>\n",
       "      <td>-0.568174</td>\n",
       "      <td>0.645359</td>\n",
       "      <td>-0.298773</td>\n",
       "      <td>-0.305768</td>\n",
       "      <td>-0.422164</td>\n",
       "      <td>-0.415041</td>\n",
       "      <td>0.406822</td>\n",
       "    </tr>\n",
       "    <tr>\n",
       "      <th>INDUS</th>\n",
       "      <td>0.391552</td>\n",
       "      <td>-0.521256</td>\n",
       "      <td>1.000000</td>\n",
       "      <td>0.049820</td>\n",
       "      <td>0.762737</td>\n",
       "      <td>-0.403068</td>\n",
       "      <td>0.642387</td>\n",
       "      <td>-0.696569</td>\n",
       "      <td>0.591944</td>\n",
       "      <td>0.734204</td>\n",
       "      <td>0.395691</td>\n",
       "      <td>0.598156</td>\n",
       "      <td>-0.510829</td>\n",
       "    </tr>\n",
       "    <tr>\n",
       "      <th>CHAS</th>\n",
       "      <td>-0.051970</td>\n",
       "      <td>-0.033357</td>\n",
       "      <td>0.049820</td>\n",
       "      <td>1.000000</td>\n",
       "      <td>0.076661</td>\n",
       "      <td>0.095308</td>\n",
       "      <td>0.072644</td>\n",
       "      <td>-0.095037</td>\n",
       "      <td>0.014102</td>\n",
       "      <td>-0.026513</td>\n",
       "      <td>-0.104995</td>\n",
       "      <td>-0.037113</td>\n",
       "      <td>0.173701</td>\n",
       "    </tr>\n",
       "    <tr>\n",
       "      <th>NOX</th>\n",
       "      <td>0.416160</td>\n",
       "      <td>-0.515660</td>\n",
       "      <td>0.762737</td>\n",
       "      <td>0.076661</td>\n",
       "      <td>1.000000</td>\n",
       "      <td>-0.316563</td>\n",
       "      <td>0.732540</td>\n",
       "      <td>-0.768137</td>\n",
       "      <td>0.628170</td>\n",
       "      <td>0.679824</td>\n",
       "      <td>0.210216</td>\n",
       "      <td>0.593655</td>\n",
       "      <td>-0.459054</td>\n",
       "    </tr>\n",
       "    <tr>\n",
       "      <th>RM</th>\n",
       "      <td>-0.227170</td>\n",
       "      <td>0.343210</td>\n",
       "      <td>-0.403068</td>\n",
       "      <td>0.095308</td>\n",
       "      <td>-0.316563</td>\n",
       "      <td>1.000000</td>\n",
       "      <td>-0.248670</td>\n",
       "      <td>0.218713</td>\n",
       "      <td>-0.236057</td>\n",
       "      <td>-0.320561</td>\n",
       "      <td>-0.390686</td>\n",
       "      <td>-0.636226</td>\n",
       "      <td>0.723951</td>\n",
       "    </tr>\n",
       "    <tr>\n",
       "      <th>AGE</th>\n",
       "      <td>0.341311</td>\n",
       "      <td>-0.568174</td>\n",
       "      <td>0.642387</td>\n",
       "      <td>0.072644</td>\n",
       "      <td>0.732540</td>\n",
       "      <td>-0.248670</td>\n",
       "      <td>1.000000</td>\n",
       "      <td>-0.753547</td>\n",
       "      <td>0.443585</td>\n",
       "      <td>0.504472</td>\n",
       "      <td>0.264968</td>\n",
       "      <td>0.601137</td>\n",
       "      <td>-0.407470</td>\n",
       "    </tr>\n",
       "    <tr>\n",
       "      <th>DIS</th>\n",
       "      <td>-0.365052</td>\n",
       "      <td>0.645359</td>\n",
       "      <td>-0.696569</td>\n",
       "      <td>-0.095037</td>\n",
       "      <td>-0.768137</td>\n",
       "      <td>0.218713</td>\n",
       "      <td>-0.753547</td>\n",
       "      <td>1.000000</td>\n",
       "      <td>-0.477075</td>\n",
       "      <td>-0.529603</td>\n",
       "      <td>-0.228840</td>\n",
       "      <td>-0.505036</td>\n",
       "      <td>0.279547</td>\n",
       "    </tr>\n",
       "    <tr>\n",
       "      <th>RAD</th>\n",
       "      <td>0.608667</td>\n",
       "      <td>-0.298773</td>\n",
       "      <td>0.591944</td>\n",
       "      <td>0.014102</td>\n",
       "      <td>0.628170</td>\n",
       "      <td>-0.236057</td>\n",
       "      <td>0.443585</td>\n",
       "      <td>-0.477075</td>\n",
       "      <td>1.000000</td>\n",
       "      <td>0.900000</td>\n",
       "      <td>0.441949</td>\n",
       "      <td>0.510868</td>\n",
       "      <td>-0.416638</td>\n",
       "    </tr>\n",
       "    <tr>\n",
       "      <th>TAX</th>\n",
       "      <td>0.560841</td>\n",
       "      <td>-0.305768</td>\n",
       "      <td>0.734204</td>\n",
       "      <td>-0.026513</td>\n",
       "      <td>0.679824</td>\n",
       "      <td>-0.320561</td>\n",
       "      <td>0.504472</td>\n",
       "      <td>-0.529603</td>\n",
       "      <td>0.900000</td>\n",
       "      <td>1.000000</td>\n",
       "      <td>0.446961</td>\n",
       "      <td>0.572218</td>\n",
       "      <td>-0.508864</td>\n",
       "    </tr>\n",
       "    <tr>\n",
       "      <th>PTRATIO</th>\n",
       "      <td>0.265428</td>\n",
       "      <td>-0.422164</td>\n",
       "      <td>0.395691</td>\n",
       "      <td>-0.104995</td>\n",
       "      <td>0.210216</td>\n",
       "      <td>-0.390686</td>\n",
       "      <td>0.264968</td>\n",
       "      <td>-0.228840</td>\n",
       "      <td>0.441949</td>\n",
       "      <td>0.446961</td>\n",
       "      <td>1.000000</td>\n",
       "      <td>0.395006</td>\n",
       "      <td>-0.543809</td>\n",
       "    </tr>\n",
       "    <tr>\n",
       "      <th>LSTAT</th>\n",
       "      <td>0.461906</td>\n",
       "      <td>-0.415041</td>\n",
       "      <td>0.598156</td>\n",
       "      <td>-0.037113</td>\n",
       "      <td>0.593655</td>\n",
       "      <td>-0.636226</td>\n",
       "      <td>0.601137</td>\n",
       "      <td>-0.505036</td>\n",
       "      <td>0.510868</td>\n",
       "      <td>0.572218</td>\n",
       "      <td>0.395006</td>\n",
       "      <td>1.000000</td>\n",
       "      <td>-0.743450</td>\n",
       "    </tr>\n",
       "    <tr>\n",
       "      <th>MEDV</th>\n",
       "      <td>-0.397230</td>\n",
       "      <td>0.406822</td>\n",
       "      <td>-0.510829</td>\n",
       "      <td>0.173701</td>\n",
       "      <td>-0.459054</td>\n",
       "      <td>0.723951</td>\n",
       "      <td>-0.407470</td>\n",
       "      <td>0.279547</td>\n",
       "      <td>-0.416638</td>\n",
       "      <td>-0.508864</td>\n",
       "      <td>-0.543809</td>\n",
       "      <td>-0.743450</td>\n",
       "      <td>1.000000</td>\n",
       "    </tr>\n",
       "  </tbody>\n",
       "</table>\n",
       "</div>"
      ],
      "text/plain": [
       "             CRIM        ZN     INDUS      CHAS       NOX        RM       AGE  \\\n",
       "CRIM     1.000000 -0.188075  0.391552 -0.051970  0.416160 -0.227170  0.341311   \n",
       "ZN      -0.188075  1.000000 -0.521256 -0.033357 -0.515660  0.343210 -0.568174   \n",
       "INDUS    0.391552 -0.521256  1.000000  0.049820  0.762737 -0.403068  0.642387   \n",
       "CHAS    -0.051970 -0.033357  0.049820  1.000000  0.076661  0.095308  0.072644   \n",
       "NOX      0.416160 -0.515660  0.762737  0.076661  1.000000 -0.316563  0.732540   \n",
       "RM      -0.227170  0.343210 -0.403068  0.095308 -0.316563  1.000000 -0.248670   \n",
       "AGE      0.341311 -0.568174  0.642387  0.072644  0.732540 -0.248670  1.000000   \n",
       "DIS     -0.365052  0.645359 -0.696569 -0.095037 -0.768137  0.218713 -0.753547   \n",
       "RAD      0.608667 -0.298773  0.591944  0.014102  0.628170 -0.236057  0.443585   \n",
       "TAX      0.560841 -0.305768  0.734204 -0.026513  0.679824 -0.320561  0.504472   \n",
       "PTRATIO  0.265428 -0.422164  0.395691 -0.104995  0.210216 -0.390686  0.264968   \n",
       "LSTAT    0.461906 -0.415041  0.598156 -0.037113  0.593655 -0.636226  0.601137   \n",
       "MEDV    -0.397230  0.406822 -0.510829  0.173701 -0.459054  0.723951 -0.407470   \n",
       "\n",
       "              DIS       RAD       TAX   PTRATIO     LSTAT      MEDV  \n",
       "CRIM    -0.365052  0.608667  0.560841  0.265428  0.461906 -0.397230  \n",
       "ZN       0.645359 -0.298773 -0.305768 -0.422164 -0.415041  0.406822  \n",
       "INDUS   -0.696569  0.591944  0.734204  0.395691  0.598156 -0.510829  \n",
       "CHAS    -0.095037  0.014102 -0.026513 -0.104995 -0.037113  0.173701  \n",
       "NOX     -0.768137  0.628170  0.679824  0.210216  0.593655 -0.459054  \n",
       "RM       0.218713 -0.236057 -0.320561 -0.390686 -0.636226  0.723951  \n",
       "AGE     -0.753547  0.443585  0.504472  0.264968  0.601137 -0.407470  \n",
       "DIS      1.000000 -0.477075 -0.529603 -0.228840 -0.505036  0.279547  \n",
       "RAD     -0.477075  1.000000  0.900000  0.441949  0.510868 -0.416638  \n",
       "TAX     -0.529603  0.900000  1.000000  0.446961  0.572218 -0.508864  \n",
       "PTRATIO -0.228840  0.441949  0.446961  1.000000  0.395006 -0.543809  \n",
       "LSTAT   -0.505036  0.510868  0.572218  0.395006  1.000000 -0.743450  \n",
       "MEDV     0.279547 -0.416638 -0.508864 -0.543809 -0.743450  1.000000  "
      ]
     },
     "execution_count": 21,
     "metadata": {},
     "output_type": "execute_result"
    }
   ],
   "source": [
    "houses.corr()"
   ]
  },
  {
   "cell_type": "code",
   "execution_count": 22,
   "metadata": {},
   "outputs": [
    {
     "data": {
      "text/plain": [
       "<matplotlib.axes._subplots.AxesSubplot at 0x936231a688>"
      ]
     },
     "execution_count": 22,
     "metadata": {},
     "output_type": "execute_result"
    },
    {
     "data": {
